150 3 1
0.6 14.2 1 
1
-3.75 22.6666666667 1 
1
-1 23.3166666667 1 
1
1 14.2833333333 0 
1
-1 14.3833333333 0 
1
-2 19.35 1 
1
0 2.98333333333 1 
1
-1 0.583333333333 1 
1
-1 20.6666666667 1 
1
-2.2 8.45 1 
1
-2.3 17.8 1 
1
0 2.66666666667 1 
1
-5.175 21.5 1 
1
-2 17.9833333333 1 
1
-1.0 19.5666666667 1 
1
-1 14.9333333333 1 
1
-3.25 20.2333333333 1 
1
-1 21.5333333333 1 
1
2 11.9 1 
1
0 17.0833333333 1 
1
-3 0.5 1 
1
-1.0 23.2166666667 1 
1
0 15.0666666667 1 
1
-4.95 21.75 1 
1
-3 23.9166666667 1 
1
-1.35 21.4666666667 1 
1
-1 19.6833333333 1 
1
-5 1.76666666667 1 
1
0.8 0.4 1 
1
-1 20.95 1 
1
-1 0.0333333333333 1 
1
-4.25 2.1 0 
1
1 20.6166666667 1 
1
1 22.2166666667 1 
1
-3.7 0.1 1 
1
-1.8 22.3833333333 1 
1
1 22.85 1 
1
-1 1.33333333333 1 
1
-3.5 13.7333333333 1 
1
-2.5 0.616666666667 1 
1
-1 22.9833333333 1 
1
-0.5 23.6 1 
1
1.25 13.0666666667 1 
1
-4.25 17.5333333333 1 
1
2 7.45 0 
1
-5 1.61666666667 1 
1
0 21.2666666667 1 
1
1 23.4833333333 1 
1
-1 14.2833333333 0 
1
0.25 22.2833333333 1 
1
-9 23.4666666667 1 
1
-1 9.0 1 
1
-4 0.25 1 
1
-1.4 2.88333333333 1 
1
0 17.7 1 
1
-4.5 22.2833333333 1 
1
-1.0 14.3333333333 0 
1
0 0.0 1 
1
-2 6.76666666667 1 
1
-2 16.4333333333 1 
1
-3 5.85 1 
1
0 16.7833333333 1 
1
-1 19.2 1 
1
-2 14.2 1 
1
-2.2 16.1166666667 1 
1
-2.25 22.9 1 
1
-10.0 2.28333333333 1 
1
-1 10.7833333333 1 
1
0 20.3333333333 1 
1
-0.2 19.8666666667 1 
1
1.25 19.9 1 
1
0 14.3666666667 0 
1
-5.75 13.6 0 
1
0 16.8666666667 1 
1
0 0.116666666667 1 
1
-2 0.65 0 
1
-1 10.6833333333 1 
1
0.75 16.4333333333 0 
1
4.7 23.3666666667 0 
1
0 10.55 1 
1
-2.5 19.4833333333 1 
1
0.95 22.8833333333 1 
1
-3 0.0833333333333 0 
1
-3.2 8.85 1 
1
0 2.91666666667 1 
1
-1.75 12.7666666667 1 
1
2.8 2.33333333333 1 
1
-2 20.7166666667 1 
1
-2 10.6666666667 1 
1
4 7.43333333333 1 
1
1.75 15.7 1 
1
-0.25 21.9333333333 1 
1
-4.975 6.76666666667 1 
1
-1 20.2666666667 1 
1
-5.25 20.6 1 
1
1.25 23.1166666667 1 
1
2 21.6 0 
1
0 18.9 1 
1
-4.25 15.95 1 
1
-3.25 22.9166666667 1 
1
4 14.0166666667 1 
0
4 0.216666666667 0 
0
2.25 20.1 0 
0
0 12.7 1 
0
5.25 22.55 0 
0
0 19.3333333333 0 
0
0 23.4333333333 1 
0
-1 23.1833333333 0 
0
-2.4 9.9 0 
0
0 16.2333333333 0 
0
9 15.85 1 
0
0 6.41666666667 1 
0
0.4 13.8166666667 1 
0
-0.25 19.75 1 
0
-1.8 22.5 0 
0
0 23.55 0 
0
1.5 23.2 0 
0
5 13.1166666667 0 
0
0 8.55 0 
0
0.25 23.1833333333 1 
0
-9.25 14.9333333333 0 
0
-4 16.9666666667 0 
0
3.5 18.3 0 
0
2 23.7333333333 0 
0
2 22.8166666667 0 
0
-1 8.21666666667 0 
0
1.5 22.7333333333 0 
0
0 23.3833333333 0 
0
1.25 22.5166666667 0 
0
-1 18.85 1 
0
-1 14.7166666667 1 
0
1 21.15 1 
0
-2 0.3 0 
0
-1.0 10.7 0 
0
4 20.8 0 
0
2 16.35 1 
0
7.5 7.46666666667 0 
0
0 19.1 1 
0
-1.2 10.3166666667 0 
0
6 16.1 0 
0
-1 20.2333333333 1 
0
3 7.88333333333 0 
0
0 20.5166666667 0 
0
1 20.25 1 
0
-1 9.06666666667 0 
0
0 9.76666666667 1 
0
-1 11.95 0 
0
-1.25 12.1333333333 1 
0
2.25 17.5333333333 0 
0
6 7.9 0 
0
-1 11.3666666667 0 
0
3 12.3666666667 1 
0
-1.8 7.78333333333 0 
0
1.0 21.1 0 
0
0 17.4166666667 0 
0
-1 16.2166666667 0 
0
1 21.2166666667 1 
0
2 21.85 0 
0
5 16.7833333333 1 
0
-2.25 23.1833333333 0 
0
0 10.45 1 
0
1 21.9666666667 0 
0
1 18.1833333333 0 
0
4 15.0833333333 1 
0
0.8 18.9166666667 1 
0
0 21.6166666667 0 
0
-0.2 2.4 0 
0
0 19.1166666667 1 
0
0 17.9833333333 1 
0
-4.8 15.9666666667 0 
0
0 9.5 1 
0
5 20.8 1 
0
0 7.7 0 
0
1 11.4 1 
0
-1 11.0 1 
0
5 10.3833333333 1 
0
3 10.2666666667 0 
0
-2 11.7 0 
0
0 16.9666666667 1 
0
1 7.01666666667 0 
0
0 13.4166666667 1 
0
-1.8 8.26666666667 0 
0
2 22.1 0 
0
1 8.76666666667 0 
0
-3 21.7666666667 0 
0
0 21.9666666667 1 
0
-3.25 23.2833333333 1 
0
2 23.0833333333 1 
0
1.5 10.5333333333 0 
0
-2 12.5 0 
0
4 23.5666666667 0 
0
-1.8 13.6 0 
0
0 16.0666666667 1 
0
-4.8 19.1333333333 0 
0
1 12.8166666667 0 
0
1.25 22.5666666667 1 
0
0 9.13333333333 0 
0
1 0.0333333333333 0 
0
0 12.0833333333 1 
0
0 10.05 1 
0
